----------------------
Conditional number: 1.44435

----------------------
Solutions norms:
Gaus norm:  4.44089e-16
LUP norm:   5.77316e-15
LDLt norm:  4.44089e-16
Relax norm: 2.59463e-09

----------------------
A:
115 9 -1 -2 
9 -115 -6 -4 
-1 -6 108 -10 
-2 -4 -10 110 
----------------------
x:
-0.243071 
2.54904 
-3.40854 
-0.281909 
----------------------
b:
-1.03942 
-273.748 
-380.355 
-6.6346 
----------------------
Inverse:
0.0086483 0.000663054 0.00013484 0.000193611 
0.000663054 -0.0086054 -0.00050404 -0.00034669 
0.00013484 -0.00050404 0.0093094 0.000830432 
0.000193611 -0.00034669 0.000830432 0.00915732 
----------------------
Conditional number: 1.44435
----------------------
Gauss solution:
-0.243071 
2.54904 
-3.40854 
-0.281909 

----------------------
L:
1 0 0 0 
2 1 0 0 
5 2.60633 1 0 
-55 -28.6109 -11.2103 1 
----------------------
U:
-2 115 9 -1 
0 -221 -133 -4 
0 0 295.643 123.425 
0 0 0 1204.19 
----------------------
P:
0 0 0 1 
1 0 0 0 
0 1 0 0 
0 0 1 0 
----------------------
LUP
115 9 -1 -2 
9 -115 -6 -4 
-1 -6 108 -10 
-2 -4 -10 110 
----------------------
LUP Solution:
-0.243071 
2.54904 
-3.40854 
-0.281909 
----------------------
Relax Solution:
-0.243071 
2.54904 
-3.40854 
-0.281909 


iterations: 17
----------------------
L:
10.7238 0 0 0 
0.839254 10.7566 0 0 
-0.0932505 0.550522 10.4065 0 
-0.186501 0.357314 -0.94371 10.45 
----------------------
D:
1 0 0 0 
0 -1 0 0 
0 0 1 0 
0 0 0 1 
----------------------
Lt:
10.7238 0.839254 -0.0932505 -0.186501 
0 10.7566 0.550522 0.357314 
0 0 10.4065 -0.94371 
0 0 0 10.45 
----------------------
LDLt:
115 9 -1 -2 
9 -115 -6 -4 
-1 -6 108 -10 
-2 -4 -10 110 
----------------------
LDLt Solution:
-0.243071 
2.54904 
-3.40854 
-0.281909 
