----------------------
Conditional number: 1.65397e+17

----------------------
Solutions norms:
Gaus norm:  0.326434
LUP norm:   1.41655
LDLt norm:  1.01759
Relax norm: 14.8779

----------------------
A:
1.09371e+07 1.67797e+07 2.07154e+08 1.97716e+09 -2.09876e+08 -2.26315e+08 -1.97451e+09 -2.61439e+07 
1.67797e+07 1.45145e+08 1.59908e+09 1.59538e+10 -8.49395e+08 -1.5324e+09 -1.61124e+10 7.24798e+07 
2.07154e+08 1.59908e+09 1.98667e+10 1.97946e+11 -1.18429e+10 -1.8215e+10 -2.01092e+11 1.73566e+09 
1.97716e+09 1.59538e+10 1.97946e+11 1.97316e+12 -1.16905e+11 -1.81221e+11 -2.00472e+12 1.76377e+10 
-2.09876e+08 -8.49395e+08 -1.18429e+10 -1.16905e+11 2.18492e+10 9.95438e+09 1.21342e+11 -1.99668e+09 
-2.26315e+08 -1.5324e+09 -1.8215e+10 -1.81221e+11 9.95438e+09 1.71855e+10 1.83419e+11 -1.06229e+09 
-1.97451e+09 -1.61124e+10 -2.01092e+11 -2.00472e+12 1.21342e+11 1.83419e+11 2.03789e+12 -1.86589e+10 
-2.61439e+07 7.24798e+07 1.73566e+09 1.76377e+10 -1.99668e+09 -1.06229e+09 -1.86589e+10 7.33384e+08 
----------------------
x:
4.28217 
-5.50618 
1.11346 
-0.0386134 
-3.22756 
-4.35039 
2.73945 
4.30616 
----------------------
b:
-3.75096e+09 
-3.39819e+10 
-4.19383e+11 
-4.18536e+12 
2.05094e+11 
3.85186e+11 
4.24653e+12 
-3.61507e+10 
----------------------
Inverse:
0.00236054 -1.01698 -0.333478 0.687024 -0.0715662 2.41679 0.402543 -2.08551 
-1.01701 2198.31 716.678 -1485.11 154.742 -5228.38 -870.167 4512.25 
-0.333487 716.678 233.648 -484.166 50.4479 -1704.52 -283.686 1471.05 
0.687043 -1485.11 -484.166 1003.3 -104.539 3532.13 587.859 -3048.34 
-0.0715682 154.742 50.4479 -104.539 10.8925 -368.033 -61.2522 317.624 
2.41685 -5228.38 -1704.52 3532.14 -368.033 12435 2069.57 -10731.8 
0.402554 -870.167 -283.686 587.859 -61.2522 2069.57 344.442 -1786.1 
-2.08557 4512.25 1471.05 -3048.34 317.624 -10731.8 -1786.1 9261.88 
----------------------
Conditional number: 1.65397e+17
----------------------
Gauss solution:
4.28224 
-5.64343 
1.06871 
0.0541096 
-3.23722 
-4.02395 
2.79378 
4.02444 

----------------------
L:
1 0 0 0 0 0 0 0 
-2.77235 1 0 0 0 0 0 0 
-66.3888 19.8138 1 0 0 0 0 0 
-674.639 198.631 9.95489 1 0 0 0 0 
76.3727 -22.19 -1.95669 239.853 1 0 0 0 
40.6326 -14.24 -0.474937 -19.3877 -0.101975 1 0 0 
713.7 -207.645 -10.7972 44.696 0.210583 -0.917195 1 0 
-28.0519 5.95871 0.552207 -21.7416 -0.111843 0.98183 0.192846 1 
----------------------
U:
-2.61439e+07 1.09371e+07 1.67797e+07 2.07154e+08 1.97716e+09 -2.09876e+08 -2.26315e+08 -1.97451e+09 
0 4.71011e+07 1.91664e+08 2.17338e+09 2.14351e+10 -1.43124e+09 -2.15982e+09 -2.15864e+10 
0 0 -1.08454e+09 -9.44362e+09 -9.55054e+10 2.58213e+09 9.5545e+09 9.55324e+10 
0 0 0 8.69325e+06 8.79503e+07 9.0009e+07 -7.89145e+06 -7.95228e+07 
0 0 0 0 -2.31172e+08 -1.04178e+10 -9.96139e+07 -8.59526e+08 
0 0 0 0 0 1.03876e+07 124029 1.10201e+06 
0 0 0 0 0 0 -119.864 720.204 
0 0 0 0 0 0 0 -0.000502607 
----------------------
P:
0 0 0 0 0 0 0 1 
1 0 0 0 0 0 0 0 
0 1 0 0 0 0 0 0 
0 0 1 0 0 0 0 0 
0 0 0 1 0 0 0 0 
0 0 0 0 1 0 0 0 
0 0 0 0 0 1 0 0 
0 0 0 0 0 0 1 0 
----------------------
LUP
1.09371e+07 1.67797e+07 2.07154e+08 1.97716e+09 -2.09876e+08 -2.26315e+08 -1.97451e+09 -2.61439e+07 
1.67797e+07 1.45145e+08 1.59908e+09 1.59538e+10 -8.49395e+08 -1.5324e+09 -1.61124e+10 7.24798e+07 
2.07154e+08 1.59908e+09 1.98667e+10 1.97946e+11 -1.18429e+10 -1.8215e+10 -2.01092e+11 1.73566e+09 
1.97716e+09 1.59538e+10 1.97946e+11 1.97316e+12 -1.16905e+11 -1.81221e+11 -2.00472e+12 1.76377e+10 
-2.09876e+08 -8.49395e+08 -1.18429e+10 -1.16905e+11 2.18492e+10 9.95438e+09 1.21342e+11 -1.99668e+09 
-2.26315e+08 -1.5324e+09 -1.8215e+10 -1.81221e+11 9.95438e+09 1.71855e+10 1.83419e+11 -1.06229e+09 
-1.97451e+09 -1.61124e+10 -2.01092e+11 -2.00472e+12 1.21342e+11 1.83419e+11 2.03789e+12 -1.86589e+10 
-2.61439e+07 7.24798e+07 1.73566e+09 1.76377e+10 -1.99668e+09 -1.06229e+09 -1.86589e+10 7.33384e+08 
----------------------
LUP Solution:
4.28245 
-6.10178 
0.919286 
0.363756 
-3.26948 
-2.93384 
2.97521 
3.08364 
----------------------
Relax Solution:
17.0211 
-7.94546 
-13.7645 
0.63744 
-3.18393 
3.92241 
1.08833 
-5.95301 


iterations: -1
----------------------
L:
3307.13 0 0 0 0 0 0 0 
5073.8 10927.1 0 0 0 0 0 0 
62638.6 117255 46842.7 0 0 0 0 0 
597850 1.18242e+06 466499 1172.84 0 0 0 0 
-63461.7 -48265.7 -47143.8 84204.3 78608.6 0 0 0 
-68432.6 -108463 -25845.4 -2638.87 -7883.97 1079.74 0 0 
-597048 -1.19731e+06 -497476 10914.3 16432.4 -990.447 24.7033 0 
-7905.31 10303.7 21832 -3454.58 -8662.07 1060.1 4.7639 0.010443 
----------------------
D:
1 0 0 0 0 0 0 0 
0 1 0 0 0 0 0 0 
0 0 1 0 0 0 0 0 
0 0 0 1 0 0 0 0 
0 0 0 0 1 0 0 0 
0 0 0 0 0 1 0 0 
0 0 0 0 0 0 1 0 
0 0 0 0 0 0 0 1 
----------------------
Lt:
3307.13 5073.8 62638.6 597850 -63461.7 -68432.6 -597048 -7905.31 
0 10927.1 117255 1.18242e+06 -48265.7 -108463 -1.19731e+06 10303.7 
0 0 46842.7 466499 -47143.8 -25845.4 -497476 21832 
0 0 0 1172.84 84204.3 -2638.87 10914.3 -3454.58 
0 0 0 0 78608.6 -7883.97 16432.4 -8662.07 
0 0 0 0 0 1079.74 -990.447 1060.1 
0 0 0 0 0 0 24.7033 4.7639 
0 0 0 0 0 0 0 0.010443 
----------------------
LDLt:
1.09371e+07 1.67797e+07 2.07154e+08 1.97716e+09 -2.09876e+08 -2.26315e+08 -1.97451e+09 -2.61439e+07 
1.67797e+07 1.45145e+08 1.59908e+09 1.59538e+10 -8.49395e+08 -1.5324e+09 -1.61124e+10 7.24798e+07 
2.07154e+08 1.59908e+09 1.98667e+10 1.97946e+11 -1.18429e+10 -1.8215e+10 -2.01092e+11 1.73566e+09 
1.97716e+09 1.59538e+10 1.97946e+11 1.97316e+12 -1.16905e+11 -1.81221e+11 -2.00472e+12 1.76377e+10 
-2.09876e+08 -8.49395e+08 -1.18429e+10 -1.16905e+11 2.18492e+10 9.95438e+09 1.21342e+11 -1.99668e+09 
-2.26315e+08 -1.5324e+09 -1.8215e+10 -1.81221e+11 9.95438e+09 1.71855e+10 1.83419e+11 -1.06229e+09 
-1.97451e+09 -1.61124e+10 -2.01092e+11 -2.00472e+12 1.21342e+11 1.83419e+11 2.03789e+12 -1.86589e+10 
-2.61439e+07 7.24798e+07 1.73566e+09 1.76377e+10 -1.99668e+09 -1.06229e+09 -1.86589e+10 7.33384e+08 
----------------------
LDLt Solution:
4.28237 
-5.93403 
0.973974 
0.250432 
-3.25767 
-3.3328 
2.90881 
3.42795 
